{
 "cells": [
  {
   "cell_type": "code",
   "execution_count": 1,
   "metadata": {},
   "outputs": [],
   "source": [
    "import torch as t\n",
    "import pandas as pd\n",
    "import os\n",
    "from tqdm import tqdm\n",
    "import plotly.express as px\n",
    "import json"
   ]
  },
  {
   "cell_type": "code",
   "execution_count": 2,
   "metadata": {},
   "outputs": [],
   "source": [
    "import sys\n",
    "sys.path.append('./geometry-of-truth/')"
   ]
  },
  {
   "cell_type": "code",
   "execution_count": 9,
   "metadata": {},
   "outputs": [],
   "source": [
    "from transformers import LlamaForCausalLM, LlamaTokenizer"
   ]
  },
  {
   "cell_type": "code",
   "execution_count": 23,
   "metadata": {},
   "outputs": [],
   "source": [
    "from glob import glob"
   ]
  },
  {
   "cell_type": "code",
   "execution_count": 26,
   "metadata": {},
   "outputs": [],
   "source": [
    "ACTS_BATCH_SIZE = 25"
   ]
  },
  {
   "cell_type": "code",
   "execution_count": 14,
   "metadata": {},
   "outputs": [],
   "source": [
    "ROOT = './geometry-of-truth/'"
   ]
  },
  {
   "cell_type": "code",
   "execution_count": 27,
   "metadata": {},
   "outputs": [],
   "source": [
    "def collect_acts(dataset_name, model_size, layer, center=True, scale=False, device='cpu'):\n",
    "    \"\"\"\n",
    "    Collects activations from a dataset of statements, returns as a tensor of shape [n_activations, activation_dimension].\n",
    "    \"\"\"\n",
    "    global ROOT, ACTS_BATCH_SIZE\n",
    "    directory = os.path.join(ROOT, 'acts', model_size, dataset_name)\n",
    "    activation_files = glob(os.path.join(directory, f'layer_{layer}_*.pt'))\n",
    "    acts = [t.load(os.path.join(directory, f'layer_{layer}_{i}.pt')).to(device) for i in range(0, ACTS_BATCH_SIZE * len(activation_files), ACTS_BATCH_SIZE)]\n",
    "    acts = t.cat(acts, dim=0).to(device)\n",
    "    if center:\n",
    "        acts = acts - t.mean(acts, dim=0)\n",
    "    if scale:\n",
    "        acts = acts / t.std(acts, dim=0)\n",
    "    return acts"
   ]
  },
  {
   "cell_type": "code",
   "execution_count": 10,
   "metadata": {},
   "outputs": [],
   "source": [
    "def load_llama(device):\n",
    "    print(f'Loading Llama2')\n",
    "    llama_path = '/home/t-sgolechha/Desktop/llama2/llama/llama-2-7b_hf/'\n",
    "    tokenizer = LlamaTokenizer.from_pretrained(llama_path)\n",
    "    model = LlamaForCausalLM.from_pretrained(llama_path)\n",
    "    # set tokenizer to use bos token\n",
    "    tokenizer.bos_token = '<s>'\n",
    "    model.to(device)\n",
    "    print(f'Loaded Llama2')\n",
    "    return tokenizer, model"
   ]
  },
  {
   "cell_type": "code",
   "execution_count": 11,
   "metadata": {},
   "outputs": [
    {
     "name": "stdout",
     "output_type": "stream",
     "text": [
      "Loading Llama2\n"
     ]
    },
    {
     "data": {
      "application/vnd.jupyter.widget-view+json": {
       "model_id": "fc4efc7ff0854e40839b53f422f4c3eb",
       "version_major": 2,
       "version_minor": 0
      },
      "text/plain": [
       "Loading checkpoint shards:   0%|          | 0/3 [00:00<?, ?it/s]"
      ]
     },
     "metadata": {},
     "output_type": "display_data"
    },
    {
     "name": "stdout",
     "output_type": "stream",
     "text": [
      "Loaded Llama2\n"
     ]
    }
   ],
   "source": [
    "device = 'cuda:0'\n",
    "tokenizer, model = load_llama(device)"
   ]
  },
  {
   "cell_type": "code",
   "execution_count": 36,
   "metadata": {},
   "outputs": [],
   "source": [
    "class MMProbe(t.nn.Module):\n",
    "    def __init__(self, direction, covariance=None, inv=None, atol=1e-3):\n",
    "        super().__init__()\n",
    "        self.direction = t.nn.Parameter(direction, requires_grad=False)\n",
    "        if inv is None:\n",
    "            self.inv = t.nn.Parameter(t.linalg.pinv(covariance.cpu(), hermitian=True, atol=atol), requires_grad=False)\n",
    "            self.inv.to(device)\n",
    "        else:\n",
    "            self.inv = t.nn.Parameter(inv, requires_grad=False)\n",
    "\n",
    "    def forward(self, x, iid=False):\n",
    "        if iid:\n",
    "            return t.nn.Sigmoid()(x @ self.inv @ self.direction)\n",
    "        else:\n",
    "            return t.nn.Sigmoid()(x @ self.direction)\n",
    "\n",
    "    def pred(self, x, iid=False):\n",
    "        return self(x, iid=iid).round()\n",
    "\n",
    "    def from_data(acts, labels, atol=1e-3, device='cpu'):\n",
    "        acts, labels\n",
    "        pos_acts, neg_acts = acts[labels==1], acts[labels==0]\n",
    "        pos_mean, neg_mean = pos_acts.mean(0), neg_acts.mean(0)\n",
    "        direction = pos_mean - neg_mean\n",
    "\n",
    "        centered_data = t.cat([pos_acts - pos_mean, neg_acts - neg_mean], 0)\n",
    "        covariance = centered_data.t() @ centered_data / acts.shape[0]\n",
    "        \n",
    "        probe = MMProbe(direction, covariance=covariance).to(device)\n",
    "\n",
    "        return probe"
   ]
  },
  {
   "cell_type": "code",
   "execution_count": 42,
   "metadata": {},
   "outputs": [
    {
     "data": {
      "text/plain": [
       "32"
      ]
     },
     "execution_count": 42,
     "metadata": {},
     "output_type": "execute_result"
    }
   ],
   "source": [
    "model.config.num_hidden_layers"
   ]
  },
  {
   "cell_type": "code",
   "execution_count": 43,
   "metadata": {},
   "outputs": [],
   "source": [
    "layers = range(model.config.num_hidden_layers)\n",
    "\n",
    "train_datasets = ['cities']\n",
    "val_dataset = 'sp_en_trans'\n",
    "\n",
    "ProbeClass = MMProbe\n",
    "\n",
    "# label tokens\n",
    "t_tok = tokenizer.encode('TRUE')[-1]\n",
    "f_tok = tokenizer.encode('FALSE')[-1]"
   ]
  },
  {
   "cell_type": "code",
   "execution_count": 44,
   "metadata": {},
   "outputs": [
    {
     "name": "stderr",
     "output_type": "stream",
     "text": [
      "100%|██████████| 32/32 [00:36<00:00,  1.13s/it]\n"
     ]
    }
   ],
   "source": [
    "layer_directions = []\n",
    "\n",
    "for layer in tqdm(layers):\n",
    "    # get probe\n",
    "    if ProbeClass == LRProbe or ProbeClass == MMProbe:\n",
    "        acts, labels = [], []\n",
    "        for dataset in train_datasets:\n",
    "            acts.append(collect_acts(dataset, '7B', layer).to(device))\n",
    "            labels.append(t.Tensor(pd.read_csv(f'{ROOT}/datasets/{dataset}.csv')['label'].tolist()).to(device))\n",
    "        acts, labels = t.cat(acts), t.cat(labels)\n",
    "        probe = ProbeClass.from_data(acts, labels, device=device)\n",
    "    # get direction\n",
    "    direction = probe.direction\n",
    "    true_acts, false_acts = acts[labels==1], acts[labels==0]\n",
    "    true_mean, false_mean = true_acts.mean(0), false_acts.mean(0)\n",
    "    direction = direction / direction.norm()\n",
    "    diff = (true_mean - false_mean) @ direction\n",
    "    direction = diff * direction\n",
    "\n",
    "    layer_directions.append(direction)"
   ]
  },
  {
   "cell_type": "code",
   "execution_count": 45,
   "metadata": {},
   "outputs": [],
   "source": [
    "layer_directions_t = t.stack(layer_directions, dim=0)"
   ]
  },
  {
   "cell_type": "code",
   "execution_count": 46,
   "metadata": {},
   "outputs": [
    {
     "data": {
      "text/plain": [
       "torch.Size([32, 4096])"
      ]
     },
     "execution_count": 46,
     "metadata": {},
     "output_type": "execute_result"
    }
   ],
   "source": [
    "layer_directions_t.shape"
   ]
  },
  {
   "cell_type": "code",
   "execution_count": 47,
   "metadata": {},
   "outputs": [],
   "source": [
    "layer_directions_t_path = '/home/t-sgolechha/Desktop/mats_research_sprint/directions/llama2_7b_mm_layer_directions_cities.pt'"
   ]
  },
  {
   "cell_type": "code",
   "execution_count": 48,
   "metadata": {},
   "outputs": [],
   "source": [
    "t.save(layer_directions_t, layer_directions_t_path)"
   ]
  },
  {
   "cell_type": "code",
   "execution_count": 38,
   "metadata": {},
   "outputs": [],
   "source": [
    "# get probe\n",
    "if ProbeClass == LRProbe or ProbeClass == MMProbe:\n",
    "    acts, labels = [], []\n",
    "    for dataset in train_datasets:\n",
    "        acts.append(collect_acts(dataset, '7B', layer).to(device))\n",
    "        labels.append(t.Tensor(pd.read_csv(f'{ROOT}/datasets/{dataset}.csv')['label'].tolist()).to(device))\n",
    "    acts, labels = t.cat(acts), t.cat(labels)\n",
    "    probe = ProbeClass.from_data(acts, labels, device=device)"
   ]
  },
  {
   "cell_type": "code",
   "execution_count": 39,
   "metadata": {},
   "outputs": [],
   "source": [
    "# get direction\n",
    "direction = probe.direction\n",
    "true_acts, false_acts = acts[labels==1], acts[labels==0]\n",
    "true_mean, false_mean = true_acts.mean(0), false_acts.mean(0)\n",
    "direction = direction / direction.norm()\n",
    "diff = (true_mean - false_mean) @ direction\n",
    "direction = diff * direction"
   ]
  },
  {
   "cell_type": "code",
   "execution_count": 40,
   "metadata": {},
   "outputs": [
    {
     "data": {
      "text/plain": [
       "torch.Size([4096])"
      ]
     },
     "execution_count": 40,
     "metadata": {},
     "output_type": "execute_result"
    }
   ],
   "source": []
  },
  {
   "cell_type": "code",
   "execution_count": null,
   "metadata": {},
   "outputs": [],
   "source": [
    "prompt = \"\"\"\\\n",
    "The Spanish word 'jirafa' means 'giraffe'. This statement is: TRUE\n",
    "The Spanish word 'escribir' means 'to write'. This statement is: TRUE\n",
    "The Spanish word 'diccionario' means 'dictionary'. This statement is: TRUE\n",
    "The Spanish word 'gato' means 'cat'. This statement is: TRUE\n",
    "The Spanish word 'aire' means 'silver'. This statement is: FALSE\"\"\""
   ]
  },
  {
   "cell_type": "code",
   "execution_count": null,
   "metadata": {},
   "outputs": [],
   "source": [
    "# make sure everything is clean going in\n",
    "for module in model.model.layers:\n",
    "    module._forward_hooks.clear()\n",
    "\n",
    "df_out = {'alpha' : [], 'diff' : [], 'tot' : []}"
   ]
  },
  {
   "cell_type": "code",
   "execution_count": null,
   "metadata": {},
   "outputs": [],
   "source": [
    "# keep increasing alpha until things get worse\n",
    "last_diff = -2\n",
    "diff = -1\n",
    "tot = 1\n",
    "alpha = -1\n",
    "while diff > last_diff and tot > .95:\n",
    "    last_diff = diff\n",
    "    alpha += 1\n",
    "    # get probs\n",
    "    df = pd.read_csv(f'datasets/{val_dataset}.csv')\n",
    "    diffs, tots = [], []\n",
    "    for _, row in tqdm(df.iterrows()):\n",
    "        if row['label'] == 0 and row['statement'] not in prompt:\n",
    "            input_ids = tokenizer(prompt + '\\n' +  row['statement'] + ' This statement is:', return_tensors='pt').input_ids.to(device)\n",
    "            period_tok = tokenizer.encode(\"'test'.\")[-1]\n",
    "            period_idxs = (input_ids == period_tok).nonzero(as_tuple=True)[1]\n",
    "            intervention_idx = period_idxs[5]\n",
    "\n",
    "            # intervened prob\n",
    "            def hook(module, input, output):\n",
    "                output[0][:,intervention_idx - 1, :] += direction * alpha\n",
    "                output[0][:, intervention_idx, :] += direction * alpha\n",
    "                return output\n",
    "            handle = model.model.layers[layer-1].register_forward_hook(hook)\n",
    "            probs = model(input_ids).logits[0,-1,:].softmax(-1)\n",
    "            handle.remove()\n",
    "\n",
    "            diffs.append(probs[t_tok].item() - probs[f_tok].item())\n",
    "            tots.append(probs[t_tok].item() + probs[f_tok].item())\n",
    "    diff = sum(diffs) / len(diffs)\n",
    "    tot = sum(tots) / len(tots)\n",
    "    df_out['alpha'].append(alpha)\n",
    "    df_out['diff'].append(diff)\n",
    "    df_out['tot'].append(tot)"
   ]
  },
  {
   "cell_type": "code",
   "execution_count": null,
   "metadata": {},
   "outputs": [],
   "source": [
    "# save results\n",
    "log = {\n",
    "    'train_datasets' : train_datasets,\n",
    "    'val_dataset' : val_dataset,\n",
    "    'layer' : layer,\n",
    "    'probe class' : ProbeClass.__name__,\n",
    "    'prompt' : prompt,\n",
    "    'results' : df_out,\n",
    "    'experiment' : 'false to true'\n",
    "}\n",
    "\n",
    "with open('experimental_outputs/label_change_intervention_results.json', 'r') as f:\n",
    "    data = json.load(f)\n",
    "data.append(log)\n",
    "with open('experimental_outputs/label_change_intervention_results.json', 'w') as f:\n",
    "    json.dump(data, f, indent=4)"
   ]
  },
  {
   "cell_type": "code",
   "execution_count": null,
   "metadata": {},
   "outputs": [],
   "source": [
    "px.line(pd.DataFrame(df_out), x='alpha', y=['diff', 'tot'])"
   ]
  },
  {
   "cell_type": "code",
   "execution_count": 49,
   "metadata": {},
   "outputs": [
    {
     "data": {
      "text/plain": [
       "torch.Size([1496, 4096])"
      ]
     },
     "execution_count": 49,
     "metadata": {},
     "output_type": "execute_result"
    }
   ],
   "source": [
    "acts.shape"
   ]
  },
  {
   "cell_type": "code",
   "execution_count": 52,
   "metadata": {},
   "outputs": [],
   "source": [
    "def get_pcs(X, k=2, offset=0):\n",
    "    \"\"\"\n",
    "    Performs Principal Component Analysis (PCA) on the n x d data matrix X. \n",
    "    Returns the k principal components, the corresponding eigenvalues and the projected data.\n",
    "    \"\"\"\n",
    "\n",
    "    # Subtract the mean to center the data\n",
    "    X = X - t.mean(X, dim=0)\n",
    "    \n",
    "    # Compute the covariance matrix\n",
    "    cov_mat = t.mm(X.t(), X) / (X.size(0) - 1)\n",
    "    \n",
    "    # Perform eigen decomposition\n",
    "    eigenvalues, eigenvectors = t.linalg.eigh(cov_mat.cpu())\n",
    "    eigenvalues = eigenvalues.to(device)\n",
    "    eigenvectors = eigenvectors.to(device)\n",
    "    \n",
    "    # Since the eigenvalues and vectors are not necessarily sorted, we do that now\n",
    "    sorted_indices = t.argsort(eigenvalues, descending=True)\n",
    "    eigenvectors = eigenvectors[:, sorted_indices]\n",
    "    \n",
    "    # Select the pcs\n",
    "    eigenvectors = eigenvectors[:, offset:offset+k]\n",
    "    \n",
    "    return eigenvectors"
   ]
  },
  {
   "cell_type": "code",
   "execution_count": 53,
   "metadata": {},
   "outputs": [],
   "source": [
    "pcs = get_pcs(acts, k=2, offset=0)"
   ]
  },
  {
   "cell_type": "code",
   "execution_count": 60,
   "metadata": {},
   "outputs": [
    {
     "name": "stderr",
     "output_type": "stream",
     "text": [
      "100%|██████████| 32/32 [00:31<00:00,  1.02it/s]\n"
     ]
    }
   ],
   "source": [
    "pcs_layer = []\n",
    "# compute pcs for each layer\n",
    "for layer in tqdm(layers):\n",
    "    acts = collect_acts('cities', '7B', layer).to(device)\n",
    "    pcs = get_pcs(acts, k=2, offset=0)\n",
    "    pcs_layer.append(pcs)"
   ]
  },
  {
   "cell_type": "code",
   "execution_count": 61,
   "metadata": {},
   "outputs": [
    {
     "name": "stderr",
     "output_type": "stream",
     "text": [
      "100%|██████████| 32/32 [00:01<00:00, 27.30it/s]\n"
     ]
    }
   ],
   "source": [
    "proj_layer = []\n",
    "# project each layer activations to pcs\n",
    "for layer in tqdm(layers):\n",
    "    acts = collect_acts('cities', '7B', layer).to(device)\n",
    "    proj = acts @ pcs_layer[layer]\n",
    "    proj_layer.append(proj)"
   ]
  },
  {
   "cell_type": "code",
   "execution_count": 64,
   "metadata": {},
   "outputs": [],
   "source": [
    "proj_layer_t = t.stack(proj_layer, dim=0)"
   ]
  },
  {
   "cell_type": "code",
   "execution_count": 76,
   "metadata": {},
   "outputs": [
    {
     "data": {
      "text/plain": [
       "torch.Size([32, 1496, 2])"
      ]
     },
     "execution_count": 76,
     "metadata": {},
     "output_type": "execute_result"
    }
   ],
   "source": [
    "proj_layer_t.shape"
   ]
  },
  {
   "cell_type": "code",
   "execution_count": 82,
   "metadata": {},
   "outputs": [],
   "source": [
    "df = pd.DataFrame()"
   ]
  },
  {
   "cell_type": "code",
   "execution_count": 71,
   "metadata": {},
   "outputs": [],
   "source": [
    "import numpy as np"
   ]
  },
  {
   "cell_type": "code",
   "execution_count": 72,
   "metadata": {},
   "outputs": [],
   "source": [
    "df = ntensor_to_long(proj_layer_t, dim_names=['layer', 'datapoint', 'pc'])"
   ]
  },
  {
   "cell_type": "code",
   "execution_count": 83,
   "metadata": {},
   "outputs": [],
   "source": [
    "df[\"pc1\"] = proj_layer_t[:, :, 0].flatten().cpu().numpy()\n",
    "df[\"pc2\"] = proj_layer_t[:, :, 1].flatten().cpu().numpy()\n",
    "df[\"layer\"] = np.repeat(np.arange(32), 1496)"
   ]
  },
  {
   "cell_type": "code",
   "execution_count": 84,
   "metadata": {},
   "outputs": [
    {
     "data": {
      "text/plain": [
       "((47872, 3), Index(['pc1', 'pc2', 'layer'], dtype='object'))"
      ]
     },
     "execution_count": 84,
     "metadata": {},
     "output_type": "execute_result"
    }
   ],
   "source": [
    "df.shape, df.columns"
   ]
  },
  {
   "cell_type": "code",
   "execution_count": 86,
   "metadata": {},
   "outputs": [],
   "source": [
    "labels = t.Tensor(pd.read_csv(f'{ROOT}/datasets/{dataset}.csv')['label'].tolist())"
   ]
  },
  {
   "cell_type": "code",
   "execution_count": 92,
   "metadata": {},
   "outputs": [],
   "source": [
    "df['label'] = np.tile(labels.cpu().numpy(), 32)"
   ]
  },
  {
   "cell_type": "code",
   "execution_count": 93,
   "metadata": {},
   "outputs": [
    {
     "data": {
      "text/plain": [
       "array([0, 1, 2, 3, 4, 0, 1, 2, 3, 4, 0, 1, 2, 3, 4, 0, 1, 2, 3, 4, 0, 1,\n",
       "       2, 3, 4, 0, 1, 2, 3, 4, 0, 1, 2, 3, 4, 0, 1, 2, 3, 4, 0, 1, 2, 3,\n",
       "       4, 0, 1, 2, 3, 4, 0, 1, 2, 3, 4, 0, 1, 2, 3, 4, 0, 1, 2, 3, 4, 0,\n",
       "       1, 2, 3, 4, 0, 1, 2, 3, 4, 0, 1, 2, 3, 4, 0, 1, 2, 3, 4, 0, 1, 2,\n",
       "       3, 4, 0, 1, 2, 3, 4, 0, 1, 2, 3, 4, 0, 1, 2, 3, 4, 0, 1, 2, 3, 4,\n",
       "       0, 1, 2, 3, 4, 0, 1, 2, 3, 4, 0, 1, 2, 3, 4, 0, 1, 2, 3, 4, 0, 1,\n",
       "       2, 3, 4, 0, 1, 2, 3, 4, 0, 1, 2, 3, 4, 0, 1, 2, 3, 4, 0, 1, 2, 3,\n",
       "       4, 0, 1, 2, 3, 4])"
      ]
     },
     "execution_count": 93,
     "metadata": {},
     "output_type": "execute_result"
    }
   ],
   "source": [
    "np.tile(np.arange(5), 32)"
   ]
  },
  {
   "cell_type": "code",
   "execution_count": 99,
   "metadata": {},
   "outputs": [],
   "source": [
    "fig = px.scatter(df, x=\"pc1\", y=\"pc2\", animation_frame=\"layer\", color=\"label\", height=600, width=600)\n",
    "fig.write_html(\"pc2_llama2-7b-cities.html\")"
   ]
  },
  {
   "cell_type": "code",
   "execution_count": 96,
   "metadata": {},
   "outputs": [
    {
     "data": {
      "text/plain": [
       "torch.Size([32, 1496, 2])"
      ]
     },
     "execution_count": 96,
     "metadata": {},
     "output_type": "execute_result"
    }
   ],
   "source": [
    "proj_layer_t.shape"
   ]
  },
  {
   "cell_type": "code",
   "execution_count": 98,
   "metadata": {},
   "outputs": [
    {
     "data": {
      "text/plain": [
       "torch.Size([32, 4096])"
      ]
     },
     "execution_count": 98,
     "metadata": {},
     "output_type": "execute_result"
    }
   ],
   "source": [
    "layer_directions_t.shape"
   ]
  },
  {
   "cell_type": "code",
   "execution_count": 102,
   "metadata": {},
   "outputs": [
    {
     "data": {
      "text/plain": [
       "torch.Size([32, 4096])"
      ]
     },
     "execution_count": 102,
     "metadata": {},
     "output_type": "execute_result"
    }
   ],
   "source": [
    "layer_directions_t.shape"
   ]
  },
  {
   "cell_type": "code",
   "execution_count": 110,
   "metadata": {},
   "outputs": [],
   "source": [
    "layer_directions_t = layer_directions_t / layer_directions_t.norm(dim=1, keepdim=True)"
   ]
  },
  {
   "cell_type": "code",
   "execution_count": 111,
   "metadata": {},
   "outputs": [],
   "source": [
    "cos_sim = layer_directions_t @ layer_directions_t.T"
   ]
  },
  {
   "cell_type": "code",
   "execution_count": 113,
   "metadata": {},
   "outputs": [
    {
     "data": {
      "application/vnd.plotly.v1+json": {
       "config": {
        "plotlyServerURL": "https://plot.ly"
       },
       "data": [
        {
         "coloraxis": "coloraxis",
         "hovertemplate": "x: %{x}<br>y: %{y}<br>color: %{z}<extra></extra>",
         "name": "0",
         "type": "heatmap",
         "xaxis": "x",
         "yaxis": "y",
         "z": [
          [
           0.99999976,
           0.30738524,
           0.2394666,
           0.20654537,
           0.12951103,
           0.057211965,
           0.0239074,
           0.01372387,
           0.009692334,
           0.009930664,
           -0.0037486888,
           -0.01281881,
           -0.016723484,
           -0.027647058,
           -0.031164816,
           -0.0361789,
           -0.037240334,
           -0.04112133,
           -0.038199436,
           -0.041666776,
           -0.043065198,
           -0.032470223,
           -0.026706673,
           -0.025516162,
           -0.02503149,
           -0.020444646,
           0.0054479935,
           -0.00318246,
           0.0030183927,
           0.0033700191,
           0.045387246,
           0.0034701892
          ],
          [
           0.30738524,
           1,
           0.7561188,
           0.6078356,
           0.4681945,
           0.29183114,
           0.17369741,
           0.12446519,
           0.09652831,
           0.040585946,
           0.037274532,
           0.032530002,
           0.026770892,
           0.007550161,
           0.007869302,
           0.017002547,
           0.020352868,
           0.019788612,
           0.016623734,
           0.013743565,
           0.013346868,
           0.009515879,
           0.0071644,
           0.005366848,
           0.0013951245,
           -0.0016110353,
           0.019002121,
           0.020691728,
           -0.005004723,
           0.008566589,
           0.43318832,
           -0.060286567
          ],
          [
           0.2394666,
           0.7561188,
           0.9999999,
           0.86052144,
           0.7202995,
           0.49762884,
           0.30768383,
           0.19805558,
           0.13452728,
           0.041981857,
           0.07086488,
           0.0657622,
           0.062885724,
           0.048963573,
           0.053174105,
           0.06964094,
           0.07299203,
           0.084762365,
           0.08246979,
           0.087710544,
           0.089376286,
           0.05448472,
           0.03908411,
           0.035280354,
           0.037115112,
           0.026785104,
           0.037464246,
           0.03710486,
           -0.0015595651,
           0.006888811,
           0.32673815,
           -0.02946934
          ],
          [
           0.20654537,
           0.6078356,
           0.86052144,
           0.9999998,
           0.82884604,
           0.5666437,
           0.34596437,
           0.22607225,
           0.15897928,
           0.06208301,
           0.083938695,
           0.07290416,
           0.06732045,
           0.05583228,
           0.05858897,
           0.06954903,
           0.07248769,
           0.08539497,
           0.08433027,
           0.088972166,
           0.09144802,
           0.055864636,
           0.043012388,
           0.03806672,
           0.03841239,
           0.02928791,
           0.026038934,
           0.023463855,
           -0.004971253,
           0.0023630061,
           0.26428685,
           -0.031427726
          ],
          [
           0.12951103,
           0.4681945,
           0.7202995,
           0.82884604,
           1,
           0.77026963,
           0.5368635,
           0.3832742,
           0.29062334,
           0.14573109,
           0.19653529,
           0.17968804,
           0.17578784,
           0.1559168,
           0.16061178,
           0.17187607,
           0.17445245,
           0.19541869,
           0.19463618,
           0.20182268,
           0.20386875,
           0.13168494,
           0.10466767,
           0.09793355,
           0.097941376,
           0.08101658,
           0.05521626,
           0.0616131,
           0.026563562,
           0.0308559,
           0.22862817,
           0.0025440909
          ],
          [
           0.057211965,
           0.29183114,
           0.49762884,
           0.5666437,
           0.77026963,
           0.99999994,
           0.75371444,
           0.5896421,
           0.47633615,
           0.28057885,
           0.3159561,
           0.29282,
           0.27701932,
           0.24177893,
           0.24317536,
           0.25079677,
           0.24832186,
           0.26444957,
           0.2617781,
           0.26824933,
           0.26773855,
           0.17126513,
           0.14784357,
           0.14203537,
           0.1402862,
           0.122888,
           0.07297159,
           0.07808,
           0.048651274,
           0.046578404,
           0.15753427,
           0.026734345
          ],
          [
           0.0239074,
           0.17369741,
           0.30768383,
           0.34596437,
           0.5368635,
           0.75371444,
           1,
           0.8223572,
           0.6838627,
           0.43855828,
           0.44966102,
           0.4070749,
           0.37634495,
           0.32385123,
           0.3199771,
           0.31781074,
           0.31437516,
           0.3215653,
           0.3185887,
           0.31757754,
           0.3196428,
           0.20581248,
           0.18764645,
           0.18373375,
           0.18217458,
           0.16343199,
           0.100855194,
           0.088691734,
           0.06186456,
           0.059029162,
           0.12082805,
           0.037029848
          ],
          [
           0.01372387,
           0.12446519,
           0.19805558,
           0.22607225,
           0.3832742,
           0.5896421,
           0.8223572,
           0.99999994,
           0.8564082,
           0.61331075,
           0.58461356,
           0.52662265,
           0.46614546,
           0.40763363,
           0.39264882,
           0.37935475,
           0.37561065,
           0.3677211,
           0.3649162,
           0.35760456,
           0.35446918,
           0.22493048,
           0.21956305,
           0.21734291,
           0.21462943,
           0.20361951,
           0.12635872,
           0.110242225,
           0.09197817,
           0.08811791,
           0.11319639,
           0.017489333
          ],
          [
           0.009692334,
           0.09652831,
           0.13452728,
           0.15897928,
           0.29062334,
           0.47633615,
           0.6838627,
           0.8564082,
           1,
           0.773933,
           0.71989983,
           0.64948165,
           0.5778104,
           0.5165717,
           0.49555075,
           0.47348285,
           0.46937373,
           0.45038086,
           0.44793847,
           0.43919468,
           0.43380418,
           0.2802018,
           0.2821921,
           0.27874026,
           0.27687386,
           0.26901147,
           0.1781761,
           0.15133381,
           0.13295269,
           0.124337755,
           0.12185976,
           0.03569521
          ],
          [
           0.009930664,
           0.040585946,
           0.041981857,
           0.06208301,
           0.14573109,
           0.28057885,
           0.43855828,
           0.61331075,
           0.773933,
           1,
           0.9101431,
           0.8399655,
           0.7576008,
           0.6958755,
           0.66340375,
           0.63432676,
           0.62727785,
           0.59728676,
           0.58966357,
           0.573873,
           0.56445056,
           0.36848468,
           0.38072565,
           0.38071138,
           0.3734442,
           0.37183985,
           0.25814158,
           0.20882732,
           0.18277086,
           0.16714592,
           0.106214926,
           0.03219388
          ],
          [
           -0.0037486888,
           0.037274532,
           0.07086488,
           0.083938695,
           0.19653529,
           0.3159561,
           0.44966102,
           0.58461356,
           0.71989983,
           0.9101431,
           0.9999999,
           0.9323101,
           0.8529557,
           0.77696055,
           0.751333,
           0.7242693,
           0.7125745,
           0.69162136,
           0.68187463,
           0.66701335,
           0.65809804,
           0.43439853,
           0.43086162,
           0.42566442,
           0.41657782,
           0.40465346,
           0.27647823,
           0.2315418,
           0.1824218,
           0.16830832,
           0.095825434,
           0.047454417
          ],
          [
           -0.01281881,
           0.032530002,
           0.0657622,
           0.07290416,
           0.17968804,
           0.29282,
           0.4070749,
           0.52662265,
           0.64948165,
           0.8399655,
           0.9323101,
           1,
           0.9327289,
           0.8612554,
           0.8380648,
           0.80609167,
           0.7940613,
           0.76938164,
           0.7606582,
           0.74333066,
           0.7358917,
           0.48542625,
           0.4804001,
           0.47471812,
           0.46435487,
           0.44773042,
           0.30743107,
           0.25975505,
           0.20419687,
           0.18874496,
           0.10595751,
           0.050606817
          ],
          [
           -0.016723484,
           0.026770892,
           0.062885724,
           0.06732045,
           0.17578784,
           0.27701932,
           0.37634495,
           0.46614546,
           0.5778104,
           0.7576008,
           0.8529557,
           0.9327289,
           0.9999998,
           0.9361446,
           0.91598517,
           0.8906161,
           0.8771611,
           0.8564484,
           0.84681857,
           0.82873,
           0.820975,
           0.53509986,
           0.5263433,
           0.51967156,
           0.50599694,
           0.48526782,
           0.3337356,
           0.28262973,
           0.21823259,
           0.20054214,
           0.10790081,
           0.059468795
          ],
          [
           -0.027647058,
           0.007550161,
           0.048963573,
           0.05583228,
           0.1559168,
           0.24177893,
           0.32385123,
           0.40763363,
           0.5165717,
           0.6958755,
           0.77696055,
           0.8612554,
           0.9361446,
           0.99999994,
           0.9725149,
           0.95028883,
           0.9364272,
           0.9126657,
           0.9025026,
           0.88200635,
           0.87452435,
           0.5720063,
           0.56536824,
           0.5598319,
           0.548063,
           0.52809185,
           0.3636622,
           0.3042875,
           0.23777607,
           0.21953866,
           0.11494631,
           0.061507802
          ],
          [
           -0.031164816,
           0.007869302,
           0.053174105,
           0.05858897,
           0.16061178,
           0.24317536,
           0.3199771,
           0.39264882,
           0.49555075,
           0.66340375,
           0.751333,
           0.8380648,
           0.91598517,
           0.9725149,
           0.9999999,
           0.97250026,
           0.9580313,
           0.9361058,
           0.9284744,
           0.9072845,
           0.8997531,
           0.58247477,
           0.57304364,
           0.56661785,
           0.5538857,
           0.5323543,
           0.36485794,
           0.30137324,
           0.23278846,
           0.21397723,
           0.10614555,
           0.058010146
          ],
          [
           -0.0361789,
           0.017002547,
           0.06964094,
           0.06954903,
           0.17187607,
           0.25079677,
           0.31781074,
           0.37935475,
           0.47348285,
           0.63432676,
           0.7242693,
           0.80609167,
           0.8906161,
           0.95028883,
           0.97250026,
           1.0000001,
           0.98327875,
           0.9686434,
           0.9581849,
           0.9407502,
           0.9328731,
           0.6092866,
           0.5971461,
           0.5906865,
           0.5787661,
           0.55555356,
           0.38097495,
           0.31669626,
           0.24697116,
           0.22642285,
           0.11739616,
           0.064235404
          ],
          [
           -0.037240334,
           0.020352868,
           0.07299203,
           0.07248769,
           0.17445245,
           0.24832186,
           0.31437516,
           0.37561065,
           0.46937373,
           0.62727785,
           0.7125745,
           0.7940613,
           0.8771611,
           0.9364272,
           0.9580313,
           0.98327875,
           1.0000001,
           0.9816541,
           0.97116786,
           0.953488,
           0.9450385,
           0.6189805,
           0.608189,
           0.60162556,
           0.58895385,
           0.5656463,
           0.39037827,
           0.32348868,
           0.25554326,
           0.2355007,
           0.1316817,
           0.06179025
          ],
          [
           -0.04112133,
           0.019788612,
           0.084762365,
           0.08539497,
           0.19541869,
           0.26444957,
           0.3215653,
           0.3677211,
           0.45038086,
           0.59728676,
           0.69162136,
           0.76938164,
           0.8564484,
           0.9126657,
           0.9361058,
           0.9686434,
           0.9816541,
           1.0000001,
           0.988392,
           0.9746352,
           0.965215,
           0.6371119,
           0.6214118,
           0.61467063,
           0.6022378,
           0.5763542,
           0.39478645,
           0.3290297,
           0.25710574,
           0.23667727,
           0.13144994,
           0.06963779
          ],
          [
           -0.038199436,
           0.016623734,
           0.08246979,
           0.08433027,
           0.19463618,
           0.2617781,
           0.3185887,
           0.3649162,
           0.44793847,
           0.58966357,
           0.68187463,
           0.7606582,
           0.84681857,
           0.9025026,
           0.9284744,
           0.9581849,
           0.97116786,
           0.988392,
           1.0000001,
           0.9846797,
           0.9750608,
           0.6411061,
           0.62535876,
           0.6184449,
           0.60623676,
           0.5797699,
           0.3981649,
           0.33024505,
           0.25902322,
           0.23813811,
           0.13205577,
           0.07195818
          ],
          [
           -0.041666776,
           0.013743565,
           0.087710544,
           0.088972166,
           0.20182268,
           0.26824933,
           0.31757754,
           0.35760456,
           0.43919468,
           0.573873,
           0.66701335,
           0.74333066,
           0.82873,
           0.88200635,
           0.9072845,
           0.9407502,
           0.953488,
           0.9746352,
           0.9846797,
           1.0000002,
           0.99067795,
           0.64963293,
           0.63310605,
           0.6253442,
           0.6149372,
           0.58772844,
           0.40503666,
           0.33866006,
           0.26557854,
           0.2450293,
           0.1376452,
           0.07783479
          ],
          [
           -0.043065198,
           0.013346868,
           0.089376286,
           0.09144802,
           0.20386875,
           0.26773855,
           0.3196428,
           0.35446918,
           0.43380418,
           0.56445056,
           0.65809804,
           0.7358917,
           0.820975,
           0.87452435,
           0.8997531,
           0.9328731,
           0.9450385,
           0.965215,
           0.9750608,
           0.99067795,
           0.99999994,
           0.65675145,
           0.63981164,
           0.63115144,
           0.6247463,
           0.5976617,
           0.41153774,
           0.343603,
           0.27000427,
           0.24957901,
           0.13924816,
           0.07980634
          ],
          [
           -0.032470223,
           0.009515879,
           0.05448472,
           0.055864636,
           0.13168494,
           0.17126513,
           0.20581248,
           0.22493048,
           0.2802018,
           0.36848468,
           0.43439853,
           0.48542625,
           0.53509986,
           0.5720063,
           0.58247477,
           0.6092866,
           0.6189805,
           0.6371119,
           0.6411061,
           0.64963293,
           0.65675145,
           1,
           0.9906206,
           0.97969925,
           0.95999444,
           0.9361836,
           0.6723658,
           0.5786631,
           0.48900393,
           0.4566058,
           0.2587771,
           0.16192947
          ],
          [
           -0.026706673,
           0.0071644,
           0.03908411,
           0.043012388,
           0.10466767,
           0.14784357,
           0.18764645,
           0.21956305,
           0.2821921,
           0.38072565,
           0.43086162,
           0.4804001,
           0.5263433,
           0.56536824,
           0.57304364,
           0.5971461,
           0.608189,
           0.6214118,
           0.62535876,
           0.63310605,
           0.63981164,
           0.9906206,
           1,
           0.99044585,
           0.97032803,
           0.94898856,
           0.6826101,
           0.58589864,
           0.50053734,
           0.46746877,
           0.26437756,
           0.16075459
          ],
          [
           -0.025516162,
           0.005366848,
           0.035280354,
           0.03806672,
           0.09793355,
           0.14203537,
           0.18373375,
           0.21734291,
           0.27874026,
           0.38071138,
           0.42566442,
           0.47471812,
           0.51967156,
           0.5598319,
           0.56661785,
           0.5906865,
           0.60162556,
           0.61467063,
           0.6184449,
           0.6253442,
           0.63115144,
           0.97969925,
           0.99044585,
           1.0000001,
           0.97950083,
           0.9595311,
           0.6901225,
           0.58866584,
           0.5052644,
           0.4724593,
           0.26796192,
           0.15764824
          ],
          [
           -0.02503149,
           0.0013951245,
           0.037115112,
           0.03841239,
           0.097941376,
           0.1402862,
           0.18217458,
           0.21462943,
           0.27687386,
           0.3734442,
           0.41657782,
           0.46435487,
           0.50599694,
           0.548063,
           0.5538857,
           0.5787661,
           0.58895385,
           0.6022378,
           0.60623676,
           0.6149372,
           0.6247463,
           0.95999444,
           0.97032803,
           0.97950083,
           0.9999999,
           0.9806917,
           0.7060491,
           0.6053105,
           0.5200802,
           0.48832768,
           0.2780679,
           0.1677002
          ],
          [
           -0.020444646,
           -0.0016110353,
           0.026785104,
           0.02928791,
           0.08101658,
           0.122888,
           0.16343199,
           0.20361951,
           0.26901147,
           0.37183985,
           0.40465346,
           0.44773042,
           0.48526782,
           0.52809185,
           0.5323543,
           0.55555356,
           0.5656463,
